1	1142
1	  0.00000000e+00	  0.00000000e+00	  1.00000000e-01
2	  1.00000000e+00	  0.00000000e+00	  1.00000000e-01
3	  0.00000000e+00	  1.00000000e+00	  1.00000000e-01
4	  1.00000000e+00	  1.00000000e+00	  1.00000000e-01
5	  0.00000000e+00	  0.00000000e+00	  1.60000000e-01
6	  1.00000000e+00	  0.00000000e+00	  1.60000000e-01
7	  0.00000000e+00	  1.00000000e+00	  1.60000000e-01
8	  1.00000000e+00	  1.00000000e+00	  1.60000000e-01
9	  0.00000000e+00	  0.00000000e+00	  1.00000000e+00
10	  1.00000000e+00	  0.00000000e+00	  1.00000000e+00
11	  0.00000000e+00	  1.00000000e+00	  1.00000000e+00
12	  1.00000008e+00	  1.00000008e+00	  1.00000008e+00
13	  4.99890518e-01	  5.56278534e-01	  4.16598282e-01
14	  5.00409012e-01	  5.28401718e-01	  4.02394333e-01
15	  4.99976997e-01	  5.78401718e-01	  4.38721466e-01
16	  4.99837494e-01	  5.92605667e-01	  4.66598282e-01
17	  4.99841003e-01	  5.97500000e-01	  4.97500000e-01
18	  4.99878998e-01	  5.92605667e-01	  5.28401718e-01
19	  4.99654999e-01	  5.56278534e-01	  5.78401718e-01
20	  4.99962997e-01	  5.78401718e-01	  5.56278534e-01
21	  4.99838982e-01	  4.97500000e-01	  5.97500000e-01
22	  4.99687004e-01	  5.28401718e-01	  5.92605667e-01
23	  4.99748001e-01	  4.66598282e-01	  5.92605667e-01
24	  4.99973488e-01	  4.38721466e-01	  5.78401718e-01
25	  4.99534492e-01	  4.16598282e-01	  5.56278534e-01
26	  4.99580002e-01	  4.02394333e-01	  5.28401718e-01
27	  4.99688492e-01	  3.97500000e-01	  4.97500000e-01
28	  4.99644012e-01	  4.02394333e-01	  4.66598282e-01
29	  4.99589996e-01	  4.16598282e-01	  4.38721466e-01
30	  4.99665489e-01	  4.38721466e-01	  4.16598282e-01
31	  4.99944000e-01	  4.66598282e-01	  4.02394333e-01
32	  4.99919510e-01	  4.97500000e-01	  3.97500000e-01
33	  7.52361069e-01	  5.56278534e-01	  4.16598282e-01
34	  7.52883835e-01	  5.28401718e-01	  4.02394333e-01
35	  7.52485962e-01	  5.78401718e-01	  4.38721466e-01
36	  7.52592468e-01	  4.97500000e-01	  3.97500000e-01
37	  7.52447968e-01	  5.92605667e-01	  4.66598282e-01
38	  7.52643738e-01	  5.97500000e-01	  4.97500000e-01
39	  7.52197113e-01	  5.92605667e-01	  5.28401718e-01
40	  7.52675552e-01	  4.66598282e-01	  4.02394333e-01
41	  7.52465286e-01	  5.78401718e-01	  5.56278534e-01
42	  7.52487717e-01	  4.38721466e-01	  4.16598282e-01
43	  7.52126083e-01	  4.16598282e-01	  4.38721466e-01
44	  7.52131958e-01	  4.02394333e-01	  4.66598282e-01
45	  7.52153931e-01	  5.56278534e-01	  5.78401718e-01
46	  7.52407303e-01	  4.66598282e-01	  5.92605667e-01
47	  7.52377167e-01	  5.28401718e-01	  5.92605667e-01
48	  7.52412872e-01	  4.02394333e-01	  5.28401718e-01
49	  7.52468338e-01	  3.97500000e-01	  4.97500000e-01
50	  7.52304916e-01	  4.38721466e-01	  5.78401718e-01
51	  7.52618027e-01	  4.97500000e-01	  5.97500000e-01
52	  7.52314911e-01	  4.16598282e-01	  5.56278534e-01
53	  2.47139492e-01	  4.66598282e-01	  5.92605667e-01
54	  2.47221756e-01	  4.97500000e-01	  3.97500000e-01
55	  2.47263451e-01	  4.38721466e-01	  5.78401718e-01
56	  2.47337151e-01	  4.97500000e-01	  5.97500000e-01
57	  2.47244549e-01	  3.97500000e-01	  4.97500000e-01
58	  2.47586555e-01	  5.28401718e-01	  4.02394333e-01
59	  2.47455101e-01	  4.02394333e-01	  4.66598282e-01
60	  2.47497807e-01	  4.16598282e-01	  5.56278534e-01
61	  2.47377796e-01	  4.66598282e-01	  4.02394333e-01
62	  2.47489548e-01	  5.56278534e-01	  4.16598282e-01
63	  2.47203941e-01	  5.28401718e-01	  5.92605667e-01
64	  2.47153893e-01	  4.02394333e-01	  5.28401718e-01
65	  2.47308559e-01	  4.16598282e-01	  4.38721466e-01
66	  2.47273846e-01	  5.56278534e-01	  5.78401718e-01
67	  2.47221756e-01	  4.38721466e-01	  4.16598282e-01
68	  2.47258892e-01	  5.78401718e-01	  5.56278534e-01
69	  2.47492695e-01	  5.78401718e-01	  4.38721466e-01
70	  2.47292805e-01	  5.92605667e-01	  5.28401718e-01
71	  2.47545891e-01	  5.92605667e-01	  4.66598282e-01
72	  2.47290554e-01	  5.97500000e-01	  4.97500000e-01
73	  6.26182022e-01	  5.97500000e-01	  4.97500000e-01
74	  6.26037064e-01	  5.56278534e-01	  4.16598282e-01
75	  6.26164093e-01	  4.97500000e-01	  3.97500000e-01
76	  6.26325989e-01	  5.78401718e-01	  4.38721466e-01
77	  6.26059341e-01	  5.92605667e-01	  4.66598282e-01
78	  6.26050987e-01	  4.16598282e-01	  5.56278534e-01
79	  6.26618614e-01	  5.28401718e-01	  4.02394333e-01
80	  6.26229820e-01	  4.97500000e-01	  5.97500000e-01
81	  6.26199265e-01	  4.66598282e-01	  4.02394333e-01
82	  6.26118088e-01	  4.38721466e-01	  4.16598282e-01
83	  6.25746918e-01	  4.16598282e-01	  4.38721466e-01
84	  6.26039772e-01	  5.28401718e-01	  5.92605667e-01
85	  6.25966415e-01	  5.56278534e-01	  5.78401718e-01
86	  6.26028252e-01	  4.66598282e-01	  5.92605667e-01
87	  6.26188087e-01	  3.97500000e-01	  4.97500000e-01
88	  6.26063309e-01	  4.02394333e-01	  5.28401718e-01
89	  6.26201515e-01	  5.78401718e-01	  5.56278534e-01
90	  6.26129990e-01	  5.92605667e-01	  5.28401718e-01
91	  6.25847359e-01	  4.02394333e-01	  4.66598282e-01
92	  6.26077881e-01	  4.38721466e-01	  5.78401718e-01
93	  8.78532028e-01	  4.16598282e-01	  4.38721466e-01
94	  8.78812790e-01	  5.78401718e-01	  4.38721466e-01
95	  8.78930893e-01	  5.97500000e-01	  4.97500000e-01
96	  8.78631592e-01	  5.78401718e-01	  5.56278534e-01
97	  8.78685532e-01	  5.56278534e-01	  5.78401718e-01
98	  8.78774948e-01	  4.97500000e-01	  5.97500000e-01
99	  8.78604050e-01	  4.66598282e-01	  5.92605667e-01
100	  8.78851242e-01	  5.28401718e-01	  4.02394333e-01
101	  8.78802948e-01	  4.66598282e-01	  4.02394333e-01
102	  8.78502502e-01	  4.02394333e-01	  4.66598282e-01
103	  8.78782196e-01	  5.56278534e-01	  4.16598282e-01
104	  8.78727112e-01	  5.92605667e-01	  4.66598282e-01
105	  8.78695297e-01	  5.92605667e-01	  5.28401718e-01
106	  8.78766022e-01	  5.28401718e-01	  5.92605667e-01
107	  8.78682861e-01	  4.38721466e-01	  5.78401718e-01
108	  8.78764801e-01	  4.97500000e-01	  3.97500000e-01
109	  8.78785477e-01	  4.38721466e-01	  4.16598282e-01
110	  8.78624115e-01	  3.97500000e-01	  4.97500000e-01
111	  8.78680725e-01	  4.16598282e-01	  5.56278534e-01
112	  8.78772354e-01	  4.02394333e-01	  5.28401718e-01
113	  3.73591919e-01	  5.78401718e-01	  5.56278534e-01
114	  3.74052925e-01	  5.28401718e-01	  4.02394333e-01
115	  3.73636627e-01	  4.97500000e-01	  3.97500000e-01
116	  3.73573418e-01	  4.66598282e-01	  4.02394333e-01
117	  3.73448868e-01	  4.38721466e-01	  4.16598282e-01
118	  3.73702774e-01	  4.38721466e-01	  5.78401718e-01
119	  3.73552551e-01	  4.66598282e-01	  5.92605667e-01
120	  3.73655319e-01	  5.97500000e-01	  4.97500000e-01
121	  3.73484573e-01	  4.97500000e-01	  5.97500000e-01
122	  3.73458290e-01	  5.28401718e-01	  5.92605667e-01
123	  3.73559265e-01	  5.92605667e-01	  5.28401718e-01
124	  3.73828735e-01	  5.78401718e-01	  4.38721466e-01
125	  3.73776779e-01	  5.56278534e-01	  4.16598282e-01
126	  3.73350792e-01	  4.16598282e-01	  4.38721466e-01
127	  3.73558731e-01	  4.02394333e-01	  4.66598282e-01
128	  3.73457718e-01	  4.02394333e-01	  5.28401718e-01
129	  3.73377113e-01	  3.97500000e-01	  4.97500000e-01
130	  3.73409920e-01	  5.56278534e-01	  5.78401718e-01
131	  3.73671036e-01	  5.92605667e-01	  4.66598282e-01
132	  3.73609085e-01	  4.16598282e-01	  5.56278534e-01
133	  1.21263952e-01	  4.02394333e-01	  4.66598282e-01
134	  1.21118879e-01	  4.38721466e-01	  4.16598282e-01
135	  1.21126251e-01	  4.02394333e-01	  5.28401718e-01
136	  1.21270571e-01	  4.16598282e-01	  4.38721466e-01
137	  1.21187477e-01	  4.97500000e-01	  3.97500000e-01
138	  1.21074228e-01	  5.28401718e-01	  5.92605667e-01
139	  1.21111345e-01	  4.66598282e-01	  5.92605667e-01
140	  1.21256752e-01	  4.16598282e-01	  5.56278534e-01
141	  1.21144304e-01	  4.66598282e-01	  4.02394333e-01
142	  1.21105976e-01	  3.97500000e-01	  4.97500000e-01
143	  1.21406422e-01	  5.28401718e-01	  4.02394333e-01
144	  1.21317778e-01	  5.56278534e-01	  4.16598282e-01
145	  1.21092424e-01	  4.97500000e-01	  5.97500000e-01
146	  1.21108027e-01	  5.56278534e-01	  5.78401718e-01
147	  1.21067495e-01	  5.78401718e-01	  5.56278534e-01
148	  1.21236372e-01	  5.97500000e-01	  4.97500000e-01
149	  1.21012774e-01	  4.38721466e-01	  5.78401718e-01
150	  1.21180248e-01	  5.78401718e-01	  4.38721466e-01
151	  1.21381197e-01	  5.92605667e-01	  4.66598282e-01
152	  1.21112251e-01	  5.92605667e-01	  5.28401718e-01
153	  6.89412918e-01	  5.01637497e-01	  4.97244606e-01
154	  5.62963791e-01	  5.00138054e-01	  4.94615517e-01
155	  8.15419693e-01	  4.99453850e-01	  5.00342026e-01
156	  4.36777458e-01	  4.99677086e-01	  4.98799553e-01
157	  3.10429192e-01	  4.97287369e-01	  4.94144821e-01
158	  1.84290180e-01	  4.97032394e-01	  4.97279472e-01
159	  9.10268097e-01	  4.92914124e-01	  5.06675682e-01
160	  8.96224499e-02	  4.87303581e-01	  4.95723686e-01
161	  9.41909027e-01	  5.97500000e-01	  4.97500000e-01
162	  9.41920090e-01	  5.56278534e-01	  4.16598282e-01
163	  9.41840363e-01	  5.92605667e-01	  4.66598282e-01
164	  9.41929779e-01	  5.78401718e-01	  4.38721466e-01
165	  9.41912766e-01	  5.28401718e-01	  4.02394333e-01
166	  9.41884766e-01	  5.92605667e-01	  5.28401718e-01
167	  9.41781998e-01	  5.78401718e-01	  5.56278534e-01
168	  9.41901169e-01	  4.97500000e-01	  3.97500000e-01
169	  9.41907425e-01	  4.66598282e-01	  4.02394333e-01
170	  9.41830521e-01	  5.56278534e-01	  5.78401718e-01
171	  9.41941147e-01	  5.28401718e-01	  5.92605667e-01
172	  9.41934891e-01	  4.38721466e-01	  4.16598282e-01
173	  9.41782684e-01	  4.16598282e-01	  4.38721466e-01
174	  9.41908951e-01	  4.97500000e-01	  5.97500000e-01
175	  9.41782761e-01	  4.66598282e-01	  5.92605667e-01
176	  9.41763916e-01	  4.02394333e-01	  4.66598282e-01
177	  9.41774445e-01	  3.97500000e-01	  4.97500000e-01
178	  9.41865540e-01	  4.38721466e-01	  5.78401718e-01
179	  9.41790924e-01	  4.16598282e-01	  5.56278534e-01
180	  9.41827393e-01	  4.02394333e-01	  5.28401718e-01
181	  5.81247759e-02	  5.78401718e-01	  4.38721466e-01
182	  5.82082605e-02	  5.28401718e-01	  4.02394333e-01
183	  5.80708361e-02	  5.97500000e-01	  4.97500000e-01
184	  5.81736374e-02	  5.56278534e-01	  4.16598282e-01
185	  5.81111765e-02	  5.92605667e-01	  5.28401718e-01
186	  5.80868006e-02	  4.66598282e-01	  4.02394333e-01
187	  5.81812477e-02	  5.92605667e-01	  4.66598282e-01
188	  5.80792856e-02	  4.97500000e-01	  3.97500000e-01
189	  5.79872513e-02	  5.78401718e-01	  5.56278534e-01
190	  5.81527376e-02	  4.16598282e-01	  4.38721466e-01
191	  5.80041122e-02	  5.56278534e-01	  5.78401718e-01
192	  5.80505896e-02	  4.38721466e-01	  4.16598282e-01
193	  5.80699730e-02	  4.02394333e-01	  4.66598282e-01
194	  5.79903603e-02	  5.28401718e-01	  5.92605667e-01
195	  5.80537367e-02	  3.97500000e-01	  4.97500000e-01
196	  5.79925632e-02	  4.97500000e-01	  5.97500000e-01
197	  5.81208754e-02	  4.02394333e-01	  5.28401718e-01
198	  5.80396271e-02	  4.66598282e-01	  5.92605667e-01
199	  5.81899261e-02	  4.16598282e-01	  5.56278534e-01
200	  5.80021858e-02	  4.38721466e-01	  5.78401718e-01
201	  6.89443665e-01	  4.97500000e-01	  5.97500000e-01
202	  6.89190598e-01	  4.66598282e-01	  5.92605667e-01
203	  6.89027710e-01	  5.56278534e-01	  5.78401718e-01
204	  6.89307785e-01	  5.78401718e-01	  5.56278534e-01
205	  6.89251938e-01	  5.28401718e-01	  5.92605667e-01
206	  6.89169998e-01	  4.38721466e-01	  5.78401718e-01
207	  6.89137497e-01	  4.16598282e-01	  5.56278534e-01
208	  6.89157257e-01	  5.92605667e-01	  5.28401718e-01
209	  6.89409180e-01	  5.97500000e-01	  4.97500000e-01
210	  6.89204559e-01	  4.02394333e-01	  5.28401718e-01
211	  6.89308624e-01	  3.97500000e-01	  4.97500000e-01
212	  6.89237900e-01	  5.92605667e-01	  4.66598282e-01
213	  6.89370575e-01	  5.78401718e-01	  4.38721466e-01
214	  6.88964157e-01	  4.02394333e-01	  4.66598282e-01
215	  6.88891068e-01	  4.16598282e-01	  4.38721466e-01
216	  6.89248505e-01	  5.56278534e-01	  4.16598282e-01
217	  6.89748688e-01	  5.28401718e-01	  4.02394333e-01
218	  6.89256134e-01	  4.38721466e-01	  4.16598282e-01
219	  6.89429398e-01	  4.66598282e-01	  4.02394333e-01
220	  6.89393845e-01	  4.97500000e-01	  3.97500000e-01
221	  6.26788406e-01	  4.71112442e-01	  4.84051285e-01
222	  5.62788963e-01	  4.02394333e-01	  5.28401718e-01
223	  5.62937393e-01	  4.66598282e-01	  5.92605667e-01
224	  5.62744217e-01	  4.16598282e-01	  5.56278534e-01
225	  5.62990837e-01	  3.97500000e-01	  4.97500000e-01
226	  5.63081284e-01	  4.38721466e-01	  5.78401718e-01
227	  5.63005295e-01	  4.97500000e-01	  5.97500000e-01
228	  5.62720757e-01	  4.02394333e-01	  4.66598282e-01
229	  5.62875290e-01	  5.28401718e-01	  5.92605667e-01
230	  5.62615204e-01	  4.16598282e-01	  4.38721466e-01
231	  5.62816963e-01	  5.56278534e-01	  5.78401718e-01
232	  5.62867889e-01	  4.38721466e-01	  4.16598282e-01
233	  5.63053818e-01	  5.78401718e-01	  5.56278534e-01
234	  5.63124580e-01	  4.66598282e-01	  4.02394333e-01
235	  5.62965164e-01	  5.92605667e-01	  5.28401718e-01
236	  5.62988510e-01	  4.97500000e-01	  3.97500000e-01
237	  5.62978249e-01	  5.97500000e-01	  4.97500000e-01
238	  5.63562317e-01	  5.28401718e-01	  4.02394333e-01
239	  5.62912941e-01	  5.92605667e-01	  4.66598282e-01
240	  5.62935562e-01	  5.56278534e-01	  4.16598282e-01
241	  5.63143501e-01	  5.78401718e-01	  4.38721466e-01
242	  8.15454178e-01	  5.92605667e-01	  5.28401718e-01
243	  8.15387344e-01	  5.56278534e-01	  5.78401718e-01
244	  8.15782700e-01	  5.97500000e-01	  4.97500000e-01
245	  8.15598221e-01	  5.78401718e-01	  5.56278534e-01
246	  8.15600586e-01	  5.92605667e-01	  4.66598282e-01
247	  8.15518112e-01	  5.28401718e-01	  5.92605667e-01
248	  8.15725250e-01	  4.97500000e-01	  5.97500000e-01
249	  8.15683746e-01	  5.78401718e-01	  4.38721466e-01
250	  8.15624466e-01	  5.56278534e-01	  4.16598282e-01
251	  8.15496140e-01	  4.66598282e-01	  5.92605667e-01
252	  8.15481262e-01	  4.38721466e-01	  5.78401718e-01
253	  8.15896225e-01	  5.28401718e-01	  4.02394333e-01
254	  8.15687256e-01	  4.97500000e-01	  3.97500000e-01
255	  8.15457153e-01	  4.16598282e-01	  5.56278534e-01
256	  8.15579834e-01	  4.02394333e-01	  5.28401718e-01
257	  8.15787888e-01	  4.66598282e-01	  4.02394333e-01
258	  8.15699387e-01	  4.38721466e-01	  4.16598282e-01
259	  8.15503006e-01	  3.97500000e-01	  4.97500000e-01
260	  8.15281296e-01	  4.02394333e-01	  4.66598282e-01
261	  8.15347137e-01	  4.16598282e-01	  4.38721466e-01
262	  7.51774597e-01	  4.68250465e-01	  5.02131462e-01
263	  5.00757217e-01	  5.11365013e-01	  5.24709167e-01
264	  4.36665230e-01	  4.66598282e-01	  5.92605667e-01
265	  4.36495552e-01	  4.02394333e-01	  5.28401718e-01
266	  4.36640320e-01	  4.97500000e-01	  5.97500000e-01
267	  4.36862602e-01	  4.38721466e-01	  5.78401718e-01
268	  4.36515198e-01	  4.16598282e-01	  5.56278534e-01
269	  4.36512375e-01	  5.28401718e-01	  5.92605667e-01
270	  4.36572609e-01	  3.97500000e-01	  4.97500000e-01
271	  4.36560822e-01	  4.02394333e-01	  4.66598282e-01
272	  4.36481247e-01	  5.56278534e-01	  5.78401718e-01
273	  4.36734352e-01	  5.78401718e-01	  5.56278534e-01
274	  4.36453438e-01	  4.16598282e-01	  4.38721466e-01
275	  4.36521721e-01	  4.38721466e-01	  4.16598282e-01
276	  4.36717529e-01	  5.92605667e-01	  5.28401718e-01
277	  4.36725426e-01	  5.97500000e-01	  4.97500000e-01
278	  4.36705933e-01	  4.66598282e-01	  4.02394333e-01
279	  4.36759872e-01	  4.97500000e-01	  3.97500000e-01
280	  4.36720772e-01	  5.92605667e-01	  4.66598282e-01
281	  4.36870766e-01	  5.78401718e-01	  4.38721466e-01
282	  4.37198372e-01	  5.28401718e-01	  4.02394333e-01
283	  4.36793289e-01	  5.56278534e-01	  4.16598282e-01
284	  3.74320335e-01	  4.67741203e-01	  4.92791672e-01
285	  3.10352230e-01	  5.56278534e-01	  5.78401718e-01
286	  3.10311584e-01	  4.66598282e-01	  5.92605667e-01
287	  3.10368805e-01	  5.28401718e-01	  5.92605667e-01
288	  3.10540142e-01	  4.16598282e-01	  5.56278534e-01
289	  3.10364285e-01	  5.92605667e-01	  5.28401718e-01
290	  3.10398407e-01	  4.97500000e-01	  5.97500000e-01
291	  3.10399456e-01	  5.78401718e-01	  5.56278534e-01
292	  3.10412941e-01	  5.97500000e-01	  4.97500000e-01
293	  3.10486622e-01	  4.38721466e-01	  5.78401718e-01
294	  3.10303993e-01	  3.97500000e-01	  4.97500000e-01
295	  3.10327396e-01	  4.02394333e-01	  5.28401718e-01
296	  3.10566082e-01	  5.92605667e-01	  4.66598282e-01
297	  3.10631580e-01	  5.78401718e-01	  4.38721466e-01
298	  3.10567970e-01	  4.02394333e-01	  4.66598282e-01
299	  3.10313454e-01	  4.16598282e-01	  4.38721466e-01
300	  3.10570564e-01	  5.56278534e-01	  4.16598282e-01
301	  3.10808640e-01	  5.28401718e-01	  4.02394333e-01
302	  3.10356522e-01	  4.38721466e-01	  4.16598282e-01
303	  3.10507545e-01	  4.66598282e-01	  4.02394333e-01
304	  3.10376339e-01	  4.97500000e-01	  3.97500000e-01
305	  1.84440231e-01	  4.16598282e-01	  5.56278534e-01
306	  1.84095974e-01	  4.02394333e-01	  5.28401718e-01
307	  1.84146481e-01	  4.66598282e-01	  5.92605667e-01
308	  1.84150753e-01	  4.38721466e-01	  5.78401718e-01
309	  1.84112720e-01	  3.97500000e-01	  4.97500000e-01
310	  1.84333477e-01	  4.02394333e-01	  4.66598282e-01
311	  1.84178696e-01	  5.28401718e-01	  5.92605667e-01
312	  1.84192295e-01	  4.97500000e-01	  5.97500000e-01
313	  1.84174290e-01	  5.56278534e-01	  5.78401718e-01
314	  1.84233856e-01	  4.16598282e-01	  4.38721466e-01
315	  1.84136963e-01	  4.38721466e-01	  4.16598282e-01
316	  1.84205551e-01	  5.78401718e-01	  5.56278534e-01
317	  1.84159622e-01	  5.92605667e-01	  5.28401718e-01
318	  1.84244957e-01	  4.66598282e-01	  4.02394333e-01
319	  1.84174671e-01	  4.97500000e-01	  3.97500000e-01
320	  1.84228058e-01	  5.97500000e-01	  4.97500000e-01
321	  1.84410000e-01	  5.92605667e-01	  4.66598282e-01
322	  1.84437828e-01	  5.28401718e-01	  4.02394333e-01
323	  1.84398403e-01	  5.56278534e-01	  4.16598282e-01
324	  1.84361172e-01	  5.78401718e-01	  4.38721466e-01
325	  2.48095741e-01	  4.83873787e-01	  5.24250755e-01
326	  6.33485565e-01	  5.22900658e-01	  5.22979317e-01
327	  7.45924683e-01	  5.29546509e-01	  4.81162567e-01
328	  4.89591599e-01	  5.03402977e-01	  4.61287575e-01
329	  3.62005730e-01	  5.23589516e-01	  5.23494987e-01
330	  2.37118893e-01	  5.30406456e-01	  4.80753174e-01
331	  8.60987549e-01	  4.57349625e-01	  4.91209984e-01
332	  8.65628433e-01	  5.36659241e-01	  5.03601685e-01
333	  1.36384745e-01	  4.91231766e-01	  5.37135201e-01
334	  1.35128698e-01	  5.15394707e-01	  4.62465553e-01
335	  9.54652328e-01	  5.35630684e-01	  4.91432304e-01
336	  4.69561863e-02	  5.34593201e-01	  5.03389511e-01
337	  5.31184464e-01	  4.49165154e-01	  5.05266266e-01
338	  5.94482803e-01	  4.75530510e-01	  5.40936432e-01
339	  8.47373734e-01	  5.05275078e-01	  4.48965225e-01
340	  7.84139862e-01	  4.89903374e-01	  4.49002190e-01
341	  3.92090607e-01	  5.16749611e-01	  4.60073891e-01
342	  2.64106236e-01	  4.67680092e-01	  4.67614021e-01
343	  4.72393608e-01	  4.51251183e-01	  4.90214195e-01
344	  9.10351181e-01	  5.20233536e-01	  4.53036156e-01
345	  7.21030807e-01	  5.05188904e-01	  5.47594566e-01
346	  6.58183670e-01	  5.05840111e-01	  4.47118111e-01
347	  6.57594223e-01	  4.61306839e-01	  5.33654861e-01
348	  7.18790665e-01	  4.74782372e-01	  4.53273277e-01
349	  4.05062447e-01	  4.89585686e-01	  5.47907219e-01
350	  1.52609348e-01	  4.47305527e-01	  4.89710617e-01
351	  2.78813038e-01	  5.33658791e-01	  5.33637466e-01
352	  8.61878738e-01	  4.90703850e-01	  5.40996399e-01
353	  4.63255787e-02	  4.90811119e-01	  4.55286064e-01
354	  6.06626320e-01	  5.29160233e-01	  4.66095161e-01
355	  9.10360184e-01	  4.59887581e-01	  4.59670868e-01
356	  5.31375198e-01	  5.49000435e-01	  4.89339561e-01
357	  7.83770599e-01	  5.21457481e-01	  5.44024048e-01
358	  3.42040482e-01	  4.89377632e-01	  4.45809708e-01
359	  4.68283195e-01	  5.49532814e-01	  4.89262390e-01
360	  3.41932068e-01	  4.73654137e-01	  5.44688721e-01
361	  3.39174995e-01	  5.43152428e-01	  4.74306068e-01
362	  2.15732231e-01	  5.34619446e-01	  5.34640732e-01
363	  2.12887077e-01	  4.89617615e-01	  4.47320709e-01
364	  1.07705584e-01	  5.37462425e-01	  5.17840385e-01
365	  5.31827021e-02	  4.90702324e-01	  5.40372353e-01
366	  2.15894279e-01	  4.44870415e-01	  4.88949966e-01
367	  4.61865273e-01	  4.74630470e-01	  5.42732773e-01
368	  5.36976929e-01	  4.74411850e-01	  4.51716766e-01
369	  4.09404335e-01	  5.48672943e-01	  5.05598030e-01
370	  2.83677979e-01	  5.21000900e-01	  4.50924149e-01
371	  9.49285965e-01	  4.52648468e-01	  5.04590950e-01
372	  9.10206757e-01	  5.37841110e-01	  5.37764206e-01
373	  8.28506565e-02	  5.34002914e-01	  4.61051636e-01
374	  1.63069687e-01	  5.42335205e-01	  5.20379448e-01
375	  8.00503769e-01	  4.48716736e-01	  4.89880333e-01
376	  5.49442139e-01	  5.05160599e-01	  5.46225815e-01
377	  4.19506416e-01	  4.62656441e-01	  4.62604027e-01
378	  2.92668686e-01	  4.53103027e-01	  5.20256958e-01
379	  6.57648621e-01	  5.55397530e-01	  4.88204765e-01
380	  5.83289909e-01	  5.43036079e-01	  5.20637283e-01
381	  7.97433014e-01	  5.42771492e-01	  4.74378662e-01
382	  7.01572418e-01	  4.49272079e-01	  5.05180016e-01
383	  5.12837315e-02	  4.50199661e-01	  4.90004807e-01
384	  9.54913406e-01	  4.89883232e-01	  4.49392929e-01
385	  9.49688950e-01	  4.90083313e-01	  5.44124756e-01
386	  8.97233391e-02	  4.43987617e-01	  5.24913254e-01
387	  1.99433804e-01	  4.74506416e-01	  5.42632027e-01
388	  5.81008224e-01	  4.46047478e-01	  4.89192047e-01
389	  9.10235825e-01	  4.54254608e-01	  5.40742340e-01
390	  8.97116566e-02	  4.54771690e-01	  4.54987602e-01
391	  5.94492989e-01	  4.69714317e-01	  4.43536682e-01
392	  7.83886032e-01	  4.54555130e-01	  5.40459061e-01
393	  4.04976616e-01	  4.42655563e-01	  5.25273857e-01
394	  7.05644684e-01	  5.49546700e-01	  5.05876770e-01
395	  5.31985664e-01	  5.24854469e-01	  4.42434349e-01
396	  1.52627916e-01	  4.69813347e-01	  4.43218231e-01
397	  2.80451279e-01	  5.56947327e-01	  4.87935600e-01
398	  3.22048416e-01	  4.51691818e-01	  4.74053574e-01
399	  4.49644623e-01	  5.34127274e-01	  5.34276428e-01
400	  1.88037777e-01	  5.42454643e-01	  4.74588089e-01
401	  9.10419998e-01	  5.59424667e-01	  4.87761993e-01
402	  4.42370796e-01	  5.20507088e-01	  4.52499313e-01
403	  6.66811600e-01	  4.57561836e-01	  4.57194443e-01
404	  6.70597305e-01	  5.06008148e-01	  5.51952934e-01
405	  7.09882050e-01	  5.23324890e-01	  4.47533646e-01
406	  2.87110481e-01	  4.88523216e-01	  5.54589615e-01
407	  8.29557953e-01	  5.36204948e-01	  5.36338997e-01
408	  9.54135513e-02	  5.06998024e-01	  5.57563591e-01
409	  4.68063126e-01	  4.38721466e-01	  4.16598282e-01
410	  4.68330460e-01	  4.66598282e-01	  4.02394333e-01
411	  4.68005600e-01	  4.16598282e-01	  4.38721466e-01
412	  4.68349113e-01	  4.97500000e-01	  3.97500000e-01
413	  4.68076477e-01	  4.02394333e-01	  4.66598282e-01
414	  4.68817024e-01	  5.28401718e-01	  4.02394333e-01
415	  4.68123016e-01	  3.97500000e-01	  4.97500000e-01
416	  4.68351135e-01	  5.56278534e-01	  4.16598282e-01
417	  4.68026009e-01	  4.02394333e-01	  5.28401718e-01
418	  4.68434258e-01	  5.78401718e-01	  4.38721466e-01
419	  4.67994843e-01	  4.16598282e-01	  5.56278534e-01
420	  4.68291550e-01	  5.92605667e-01	  4.66598282e-01
421	  4.68403664e-01	  4.38721466e-01	  5.78401718e-01
422	  4.68295517e-01	  5.97500000e-01	  4.97500000e-01
423	  4.68192139e-01	  4.66598282e-01	  5.92605667e-01
424	  4.68311806e-01	  5.92605667e-01	  5.28401718e-01
425	  4.68222237e-01	  4.97500000e-01	  5.97500000e-01
426	  4.68371353e-01	  5.78401718e-01	  5.56278534e-01
427	  4.68082962e-01	  5.28401718e-01	  5.92605667e-01
428	  4.68091965e-01	  5.56278534e-01	  5.78401718e-01
429	  5.15073814e-01	  4.72040825e-01	  5.47707977e-01
430	  8.47226791e-01	  5.78401718e-01	  4.38721466e-01
431	  8.47195358e-01	  5.92605667e-01	  4.66598282e-01
432	  8.47183609e-01	  5.56278534e-01	  4.16598282e-01
433	  8.47359009e-01	  5.97500000e-01	  4.97500000e-01
434	  8.47364120e-01	  5.28401718e-01	  4.02394333e-01
435	  8.47101364e-01	  5.92605667e-01	  5.28401718e-01
436	  8.47224426e-01	  4.97500000e-01	  3.97500000e-01
437	  8.47138748e-01	  5.78401718e-01	  5.56278534e-01
438	  8.47275009e-01	  4.66598282e-01	  4.02394333e-01
439	  8.47037811e-01	  5.56278534e-01	  5.78401718e-01
440	  8.47239609e-01	  4.38721466e-01	  4.16598282e-01
441	  8.47165451e-01	  5.28401718e-01	  5.92605667e-01
442	  8.46923218e-01	  4.16598282e-01	  4.38721466e-01
443	  8.47264633e-01	  4.97500000e-01	  5.97500000e-01
444	  8.46866684e-01	  4.02394333e-01	  4.66598282e-01
445	  8.47055054e-01	  4.66598282e-01	  5.92605667e-01
446	  8.47043304e-01	  3.97500000e-01	  4.97500000e-01
447	  8.47112808e-01	  4.38721466e-01	  5.78401718e-01
448	  8.47157745e-01	  4.02394333e-01	  5.28401718e-01
449	  8.47096558e-01	  4.16598282e-01	  5.56278534e-01
450	  8.31276855e-01	  4.54661369e-01	  5.31084976e-01
451	  9.73466187e-01	  5.78401718e-01	  4.38721466e-01
452	  9.73429718e-01	  5.56278534e-01	  4.16598282e-01
453	  9.73443375e-01	  5.92605667e-01	  4.66598282e-01
454	  9.73442841e-01	  5.28401718e-01	  4.02394333e-01
455	  9.73464890e-01	  5.97500000e-01	  4.97500000e-01
456	  9.73435593e-01	  4.97500000e-01	  3.97500000e-01
457	  9.73449478e-01	  5.92605667e-01	  5.28401718e-01
458	  9.73423538e-01	  4.66598282e-01	  4.02394333e-01
459	  9.73415070e-01	  5.78401718e-01	  5.56278534e-01
460	  9.73453217e-01	  4.38721466e-01	  4.16598282e-01
461	  9.73418121e-01	  5.56278534e-01	  5.78401718e-01
462	  9.73377686e-01	  4.16598282e-01	  4.38721466e-01
463	  9.73500977e-01	  5.28401718e-01	  5.92605667e-01
464	  9.73365631e-01	  4.02394333e-01	  4.66598282e-01
465	  9.73473740e-01	  4.97500000e-01	  5.97500000e-01
466	  9.73369675e-01	  3.97500000e-01	  4.97500000e-01
467	  9.73419571e-01	  4.66598282e-01	  5.92605667e-01
468	  9.73383560e-01	  4.02394333e-01	  5.28401718e-01
469	  9.73451767e-01	  4.38721466e-01	  5.78401718e-01
470	  9.73393402e-01	  4.16598282e-01	  5.56278534e-01
471	  2.64904284e-02	  4.38721466e-01	  5.78401718e-01
472	  2.66152668e-02	  4.16598282e-01	  5.56278534e-01
473	  2.65087485e-02	  4.66598282e-01	  5.92605667e-01
474	  2.65745974e-02	  4.02394333e-01	  5.28401718e-01
475	  2.64689660e-02	  4.97500000e-01	  5.97500000e-01
476	  2.65341330e-02	  3.97500000e-01	  4.97500000e-01
477	  2.64831161e-02	  5.28401718e-01	  5.92605667e-01
478	  2.65424132e-02	  4.02394333e-01	  4.66598282e-01
479	  2.64818811e-02	  5.56278534e-01	  5.78401718e-01
480	  2.65974379e-02	  4.16598282e-01	  4.38721466e-01
481	  2.64638948e-02	  5.78401718e-01	  5.56278534e-01
482	  2.65297031e-02	  4.38721466e-01	  4.16598282e-01
483	  2.65440917e-02	  5.92605667e-01	  5.28401718e-01
484	  2.65635443e-02	  4.66598282e-01	  4.02394333e-01
485	  2.65084743e-02	  5.97500000e-01	  4.97500000e-01
486	  2.65485740e-02	  4.97500000e-01	  3.97500000e-01
487	  2.65642309e-02	  5.92605667e-01	  4.66598282e-01
488	  2.66278124e-02	  5.28401718e-01	  4.02394333e-01
489	  2.65431166e-02	  5.78401718e-01	  4.38721466e-01
490	  2.65954781e-02	  5.56278534e-01	  4.16598282e-01
491	  3.22052307e-01	  5.47726898e-01	  5.23077164e-01
492	  9.56962662e-01	  5.38100662e-01	  5.38067398e-01
493	  8.31469498e-01	  4.61344604e-01	  4.54753723e-01
494	  1.52852030e-01	  4.16598282e-01	  5.56278534e-01
495	  1.52553205e-01	  4.38721466e-01	  5.78401718e-01
496	  1.52634468e-01	  4.02394333e-01	  5.28401718e-01
497	  1.52602081e-01	  4.66598282e-01	  5.92605667e-01
498	  1.52627516e-01	  3.97500000e-01	  4.97500000e-01
499	  1.52621250e-01	  4.97500000e-01	  5.97500000e-01
500	  1.52804747e-01	  4.02394333e-01	  4.66598282e-01
501	  1.52625198e-01	  5.28401718e-01	  5.92605667e-01
502	  1.52776966e-01	  4.16598282e-01	  4.38721466e-01
503	  1.52619219e-01	  5.56278534e-01	  5.78401718e-01
504	  1.52641411e-01	  4.38721466e-01	  4.16598282e-01
505	  1.52627792e-01	  5.78401718e-01	  5.56278534e-01
506	  1.52712355e-01	  4.66598282e-01	  4.02394333e-01
507	  1.52627783e-01	  5.92605667e-01	  5.28401718e-01
508	  1.52699575e-01	  4.97500000e-01	  3.97500000e-01
509	  1.52707987e-01	  5.97500000e-01	  4.97500000e-01
510	  1.52928324e-01	  5.28401718e-01	  4.02394333e-01
511	  1.52885036e-01	  5.92605667e-01	  4.66598282e-01
512	  1.52866764e-01	  5.56278534e-01	  4.16598282e-01
513	  1.52741623e-01	  5.78401718e-01	  4.38721466e-01
514	  7.52485962e-01	  5.47215462e-01	  5.22829819e-01
515	  7.30621796e-01	  4.54270859e-01	  5.40719414e-01
516	  3.41880264e-01	  4.02394333e-01	  5.28401718e-01
517	  3.41868057e-01	  3.97500000e-01	  4.97500000e-01
518	  3.42059746e-01	  4.16598282e-01	  5.56278534e-01
519	  3.42091484e-01	  4.02394333e-01	  4.66598282e-01
520	  3.42063713e-01	  4.38721466e-01	  5.78401718e-01
521	  3.41859207e-01	  4.16598282e-01	  4.38721466e-01
522	  3.41919823e-01	  4.66598282e-01	  5.92605667e-01
523	  3.41903114e-01	  4.38721466e-01	  4.16598282e-01
524	  3.41936874e-01	  4.97500000e-01	  5.97500000e-01
525	  3.42059669e-01	  4.66598282e-01	  4.02394333e-01
526	  3.41909561e-01	  5.28401718e-01	  5.92605667e-01
527	  3.42032471e-01	  4.97500000e-01	  3.97500000e-01
528	  3.41877594e-01	  5.56278534e-01	  5.78401718e-01
529	  3.42457886e-01	  5.28401718e-01	  4.02394333e-01
530	  3.41980324e-01	  5.78401718e-01	  5.56278534e-01
531	  3.42183609e-01	  5.56278534e-01	  4.16598282e-01
532	  3.41942253e-01	  5.92605667e-01	  5.28401718e-01
533	  3.42260284e-01	  5.78401718e-01	  4.38721466e-01
534	  3.42027016e-01	  5.97500000e-01	  4.97500000e-01
535	  3.42149582e-01	  5.92605667e-01	  4.66598282e-01
536	  3.72510242e-02	  5.37778740e-01	  4.57246552e-01
537	  5.31484489e-01	  5.78401718e-01	  5.56278534e-01
538	  5.31251411e-01	  5.56278534e-01	  5.78401718e-01
539	  5.31417236e-01	  5.92605667e-01	  5.28401718e-01
540	  5.31281700e-01	  5.28401718e-01	  5.92605667e-01
541	  5.31382713e-01	  5.97500000e-01	  4.97500000e-01
542	  5.31424904e-01	  4.97500000e-01	  5.97500000e-01
543	  5.31351051e-01	  5.92605667e-01	  4.66598282e-01
544	  5.31352196e-01	  4.66598282e-01	  5.92605667e-01
545	  5.31542969e-01	  5.78401718e-01	  4.38721466e-01
546	  5.31548805e-01	  4.38721466e-01	  5.78401718e-01
547	  5.31407928e-01	  5.56278534e-01	  4.16598282e-01
548	  5.31170120e-01	  4.16598282e-01	  5.56278534e-01
549	  5.31966438e-01	  5.28401718e-01	  4.02394333e-01
550	  5.31203117e-01	  4.02394333e-01	  5.28401718e-01
551	  5.31447983e-01	  4.97500000e-01	  3.97500000e-01
552	  5.31359520e-01	  3.97500000e-01	  4.97500000e-01
553	  5.31526375e-01	  4.66598282e-01	  4.02394333e-01
554	  5.31185837e-01	  4.02394333e-01	  4.66598282e-01
555	  5.31254768e-01	  4.38721466e-01	  4.16598282e-01
556	  5.31126099e-01	  4.16598282e-01	  4.38721466e-01
557	  4.60858078e-01	  4.71685257e-01	  4.46697617e-01
558	  1.37133121e-01	  5.54470177e-01	  4.85284576e-01
559	  4.05210915e-01	  4.97500000e-01	  3.97500000e-01
560	  4.05109329e-01	  4.66598282e-01	  4.02394333e-01
561	  4.05650711e-01	  5.28401718e-01	  4.02394333e-01
562	  4.04965439e-01	  4.38721466e-01	  4.16598282e-01
563	  4.05315361e-01	  5.56278534e-01	  4.16598282e-01
564	  4.04887161e-01	  4.16598282e-01	  4.38721466e-01
565	  4.05378113e-01	  5.78401718e-01	  4.38721466e-01
566	  4.05049019e-01	  4.02394333e-01	  4.66598282e-01
567	  4.05218735e-01	  5.92605667e-01	  4.66598282e-01
568	  4.04953766e-01	  3.97500000e-01	  4.97500000e-01
569	  4.05198135e-01	  5.97500000e-01	  4.97500000e-01
570	  4.04970627e-01	  4.02394333e-01	  5.28401718e-01
571	  4.05167542e-01	  5.92605667e-01	  5.28401718e-01
572	  4.05045242e-01	  4.16598282e-01	  5.56278534e-01
573	  4.05179024e-01	  5.78401718e-01	  5.56278534e-01
574	  4.05276985e-01	  4.38721466e-01	  5.78401718e-01
575	  4.04946556e-01	  5.56278534e-01	  5.78401718e-01
576	  4.05107117e-01	  4.66598282e-01	  5.92605667e-01
577	  4.04999542e-01	  5.28401718e-01	  5.92605667e-01
578	  4.05058556e-01	  4.97500000e-01	  5.97500000e-01
579	  2.79015675e-01	  4.02394333e-01	  4.66598282e-01
580	  2.78745403e-01	  3.97500000e-01	  4.97500000e-01
581	  2.78826942e-01	  4.16598282e-01	  4.38721466e-01
582	  2.78719387e-01	  4.02394333e-01	  5.28401718e-01
583	  2.78809547e-01	  4.38721466e-01	  4.16598282e-01
584	  2.79009590e-01	  4.16598282e-01	  5.56278534e-01
585	  2.78968563e-01	  4.66598282e-01	  4.02394333e-01
586	  2.78869019e-01	  4.38721466e-01	  5.78401718e-01
587	  2.78820190e-01	  4.97500000e-01	  3.97500000e-01
588	  2.78703709e-01	  4.66598282e-01	  5.92605667e-01
589	  2.79202499e-01	  5.28401718e-01	  4.02394333e-01
590	  2.78844223e-01	  4.97500000e-01	  5.97500000e-01
591	  2.79051685e-01	  5.56278534e-01	  4.16598282e-01
592	  2.78776150e-01	  5.28401718e-01	  5.92605667e-01
593	  2.79067879e-01	  5.78401718e-01	  4.38721466e-01
594	  2.78807449e-01	  5.56278534e-01	  5.78401718e-01
595	  2.79067001e-01	  5.92605667e-01	  4.66598282e-01
596	  2.78812218e-01	  5.78401718e-01	  5.56278534e-01
597	  2.78877163e-01	  5.97500000e-01	  4.97500000e-01
598	  2.78812351e-01	  5.92605667e-01	  5.28401718e-01
599	  5.94397430e-01	  5.56278534e-01	  5.78401718e-01
600	  5.94469986e-01	  5.28401718e-01	  5.92605667e-01
601	  5.94608650e-01	  5.78401718e-01	  5.56278534e-01
602	  5.94636536e-01	  4.97500000e-01	  5.97500000e-01
603	  5.94546509e-01	  5.92605667e-01	  5.28401718e-01
604	  5.94492416e-01	  4.66598282e-01	  5.92605667e-01
605	  5.94558983e-01	  5.97500000e-01	  4.97500000e-01
606	  5.94601212e-01	  4.38721466e-01	  5.78401718e-01
607	  5.94484406e-01	  5.92605667e-01	  4.66598282e-01
608	  5.94398232e-01	  4.16598282e-01	  5.56278534e-01
609	  5.94715080e-01	  5.78401718e-01	  4.38721466e-01
610	  5.94437714e-01	  4.02394333e-01	  5.28401718e-01
611	  5.94482880e-01	  5.56278534e-01	  4.16598282e-01
612	  5.94598961e-01	  3.97500000e-01	  4.97500000e-01
613	  5.95074539e-01	  5.28401718e-01	  4.02394333e-01
614	  5.94304695e-01	  4.02394333e-01	  4.66598282e-01
615	  5.94566574e-01	  4.97500000e-01	  3.97500000e-01
616	  5.94201164e-01	  4.16598282e-01	  4.38721466e-01
617	  5.94653702e-01	  4.66598282e-01	  4.02394333e-01
618	  5.94499207e-01	  4.38721466e-01	  4.16598282e-01
619	  8.12708588e-01	  4.88624344e-01	  5.53674507e-01
620	  3.26139183e-01	  5.14702072e-01	  5.53016357e-01
621	  6.57482071e-01	  5.56278534e-01	  5.78401718e-01
622	  6.57763367e-01	  5.78401718e-01	  5.56278534e-01
623	  6.57650223e-01	  5.28401718e-01	  5.92605667e-01
624	  6.57613525e-01	  5.92605667e-01	  5.28401718e-01
625	  6.57847214e-01	  4.97500000e-01	  5.97500000e-01
626	  6.57765045e-01	  5.97500000e-01	  4.97500000e-01
627	  6.57630081e-01	  4.66598282e-01	  5.92605667e-01
628	  6.57635803e-01	  5.92605667e-01	  4.66598282e-01
629	  6.57655334e-01	  4.38721466e-01	  5.78401718e-01
630	  6.57843475e-01	  5.78401718e-01	  4.38721466e-01
631	  6.57606812e-01	  4.16598282e-01	  5.56278534e-01
632	  6.57634888e-01	  5.56278534e-01	  4.16598282e-01
633	  6.57637024e-01	  4.02394333e-01	  5.28401718e-01
634	  6.58174362e-01	  5.28401718e-01	  4.02394333e-01
635	  6.57767868e-01	  3.97500000e-01	  4.97500000e-01
636	  6.57766953e-01	  4.97500000e-01	  3.97500000e-01
637	  6.57418213e-01	  4.02394333e-01	  4.66598282e-01
638	  6.57802734e-01	  4.66598282e-01	  4.02394333e-01
639	  6.57322540e-01	  4.16598282e-01	  4.38721466e-01
640	  6.57682419e-01	  4.38721466e-01	  4.16598282e-01
641	  5.19874039e-01	  4.89713898e-01	  4.90868225e-01
642	  6.03446884e-01	  4.98232155e-01	  5.06476593e-01
643	  5.56409760e-01	  4.55640678e-01	  5.39458427e-01
644	  8.55679550e-01	  4.98710670e-01	  4.89342461e-01
645	  7.84255753e-01	  4.66598282e-01	  4.02394333e-01
646	  7.84124908e-01	  4.97500000e-01	  3.97500000e-01
647	  7.84091034e-01	  4.38721466e-01	  4.16598282e-01
648	  7.84406891e-01	  5.28401718e-01	  4.02394333e-01
649	  7.83720474e-01	  4.16598282e-01	  4.38721466e-01
650	  7.84022369e-01	  5.56278534e-01	  4.16598282e-01
651	  7.83695984e-01	  4.02394333e-01	  4.66598282e-01
652	  7.84087524e-01	  5.78401718e-01	  4.38721466e-01
653	  7.83984833e-01	  3.97500000e-01	  4.97500000e-01
654	  7.84055710e-01	  5.92605667e-01	  4.66598282e-01
655	  7.83974380e-01	  4.02394333e-01	  5.28401718e-01
656	  7.84224777e-01	  5.97500000e-01	  4.97500000e-01
657	  7.83859329e-01	  4.16598282e-01	  5.56278534e-01
658	  7.83827515e-01	  5.92605667e-01	  5.28401718e-01
659	  7.83892975e-01	  4.38721466e-01	  5.78401718e-01
660	  7.84042130e-01	  5.78401718e-01	  5.56278534e-01
661	  7.83939362e-01	  4.66598282e-01	  5.92605667e-01
662	  7.83799210e-01	  5.56278534e-01	  5.78401718e-01
663	  7.84161911e-01	  4.97500000e-01	  5.97500000e-01
664	  7.83965225e-01	  5.28401718e-01	  5.92605667e-01
665	  7.75142593e-01	  5.00373497e-01	  4.88623466e-01
666	  8.13301544e-01	  5.07651939e-01	  4.33509521e-01
667	  3.94095993e-01	  5.05033798e-01	  5.01503754e-01
668	  2.68087711e-01	  5.02922096e-01	  4.91559486e-01
669	  5.03859444e-01	  4.32521782e-01	  4.87202415e-01
670	  4.76853142e-01	  4.91176338e-01	  4.98258629e-01
671	  9.10382767e-01	  5.28401718e-01	  4.02394333e-01
672	  9.10338516e-01	  5.56278534e-01	  4.16598282e-01
673	  9.10307693e-01	  4.97500000e-01	  3.97500000e-01
674	  9.10375977e-01	  5.78401718e-01	  4.38721466e-01
675	  9.10326767e-01	  4.66598282e-01	  4.02394333e-01
676	  9.10307465e-01	  5.92605667e-01	  4.66598282e-01
677	  9.10334244e-01	  4.38721466e-01	  4.16598282e-01
678	  9.10449295e-01	  5.97500000e-01	  4.97500000e-01
679	  9.10137558e-01	  4.16598282e-01	  4.38721466e-01
680	  9.10311356e-01	  5.92605667e-01	  5.28401718e-01
681	  9.10115051e-01	  4.02394333e-01	  4.66598282e-01
682	  9.10224380e-01	  5.78401718e-01	  5.56278534e-01
683	  9.10169678e-01	  3.97500000e-01	  4.97500000e-01
684	  9.10281067e-01	  5.56278534e-01	  5.78401718e-01
685	  9.10290070e-01	  4.02394333e-01	  5.28401718e-01
686	  9.10379257e-01	  5.28401718e-01	  5.92605667e-01
687	  9.10207748e-01	  4.16598282e-01	  5.56278534e-01
688	  9.10359268e-01	  4.97500000e-01	  5.97500000e-01
689	  9.10251923e-01	  4.38721466e-01	  5.78401718e-01
690	  9.10212784e-01	  4.66598282e-01	  5.92605667e-01
691	  8.76215973e-01	  5.27003098e-01	  4.39584236e-01
692	  7.20842743e-01	  5.28401718e-01	  5.92605667e-01
693	  7.21023788e-01	  4.97500000e-01	  5.97500000e-01
694	  7.20582581e-01	  5.56278534e-01	  5.78401718e-01
695	  7.20811386e-01	  4.66598282e-01	  5.92605667e-01
696	  7.20885010e-01	  5.78401718e-01	  5.56278534e-01
697	  7.20755844e-01	  4.38721466e-01	  5.78401718e-01
698	  7.20648575e-01	  5.92605667e-01	  5.28401718e-01
699	  7.20728912e-01	  4.16598282e-01	  5.56278534e-01
700	  7.20997391e-01	  5.97500000e-01	  4.97500000e-01
701	  7.20827332e-01	  4.02394333e-01	  5.28401718e-01
702	  7.20833817e-01	  5.92605667e-01	  4.66598282e-01
703	  7.20918045e-01	  3.97500000e-01	  4.97500000e-01
704	  7.20906982e-01	  5.78401718e-01	  4.38721466e-01
705	  7.20549011e-01	  4.02394333e-01	  4.66598282e-01
706	  7.20802460e-01	  5.56278534e-01	  4.16598282e-01
707	  7.20534363e-01	  4.16598282e-01	  4.38721466e-01
708	  7.21303482e-01	  5.28401718e-01	  4.02394333e-01
709	  7.20893478e-01	  4.38721466e-01	  4.16598282e-01
710	  7.20982971e-01	  4.97500000e-01	  3.97500000e-01
711	  7.21053467e-01	  4.66598282e-01	  4.02394333e-01
712	  7.29342880e-01	  5.02406425e-01	  5.07343483e-01
713	  6.48958435e-01	  5.06329803e-01	  4.87873993e-01
714	  6.22944107e-01	  4.51521034e-01	  5.43482742e-01
715	  7.53992233e-01	  4.68379250e-01	  4.40365982e-01
716	  6.88660431e-01	  4.87450218e-01	  4.34053612e-01
717	  1.32999458e-01	  4.85798416e-01	  4.94179001e-01
718	  5.69801979e-01	  5.50537148e-01	  4.70532227e-01
719	  7.49368286e-01	  5.27232132e-01	  5.55898132e-01
720	  4.99643135e-01	  5.27275734e-01	  4.89714394e-01
721	  3.46308479e-01	  4.90303345e-01	  5.09131165e-01
722	  3.76506767e-01	  4.67751656e-01	  5.55914841e-01
723	  3.77647285e-01	  5.52894058e-01	  4.69297371e-01
724	  2.15734024e-01	  5.56278534e-01	  5.78401718e-01
725	  2.15672359e-01	  5.28401718e-01	  5.92605667e-01
726	  2.15708675e-01	  5.78401718e-01	  5.56278534e-01
727	  2.15776043e-01	  4.97500000e-01	  5.97500000e-01
728	  2.15713959e-01	  5.92605667e-01	  5.28401718e-01
729	  2.15673370e-01	  4.66598282e-01	  5.92605667e-01
730	  2.15741329e-01	  5.97500000e-01	  4.97500000e-01
731	  2.15738621e-01	  4.38721466e-01	  5.78401718e-01
732	  2.15954323e-01	  5.92605667e-01	  4.66598282e-01
733	  2.15992432e-01	  4.16598282e-01	  5.56278534e-01
734	  2.15904884e-01	  5.78401718e-01	  4.38721466e-01
735	  2.15636902e-01	  4.02394333e-01	  5.28401718e-01
736	  2.15922871e-01	  5.56278534e-01	  4.16598282e-01
737	  2.15695534e-01	  3.97500000e-01	  4.97500000e-01
738	  2.15981770e-01	  5.28401718e-01	  4.02394333e-01
739	  2.15921574e-01	  4.02394333e-01	  4.66598282e-01
740	  2.15674801e-01	  4.97500000e-01	  3.97500000e-01
741	  2.15772648e-01	  4.16598282e-01	  4.38721466e-01
742	  2.15803967e-01	  4.66598282e-01	  4.02394333e-01
743	  2.15680408e-01	  4.38721466e-01	  4.16598282e-01
744	  2.20916595e-01	  5.06720695e-01	  5.07527046e-01
745	  2.47271595e-01	  5.14180794e-01	  5.53183861e-01
746	  2.47248058e-01	  5.53199806e-01	  5.14343605e-01
747	  2.50947628e-01	  4.87760658e-01	  4.35891876e-01
748	  8.96188068e-02	  5.92605667e-01	  5.28401718e-01
749	  8.95010662e-02	  5.78401718e-01	  5.56278534e-01
750	  8.96237469e-02	  5.97500000e-01	  4.97500000e-01
751	  8.95810223e-02	  5.56278534e-01	  5.78401718e-01
752	  8.97665596e-02	  5.92605667e-01	  4.66598282e-01
753	  8.95386600e-02	  5.28401718e-01	  5.92605667e-01
754	  8.96472073e-02	  5.78401718e-01	  4.38721466e-01
755	  8.95634842e-02	  4.97500000e-01	  5.97500000e-01
756	  8.97394943e-02	  5.56278534e-01	  4.16598282e-01
757	  8.95797062e-02	  4.66598282e-01	  5.92605667e-01
758	  8.97841549e-02	  5.28401718e-01	  4.02394333e-01
759	  8.95082664e-02	  4.38721466e-01	  5.78401718e-01
760	  8.96124554e-02	  4.97500000e-01	  3.97500000e-01
761	  8.97335434e-02	  4.16598282e-01	  5.56278534e-01
762	  8.96148014e-02	  4.66598282e-01	  4.02394333e-01
763	  8.96403313e-02	  4.02394333e-01	  5.28401718e-01
764	  8.95845413e-02	  4.38721466e-01	  4.16598282e-01
765	  8.96066380e-02	  3.97500000e-01	  4.97500000e-01
766	  8.97107792e-02	  4.16598282e-01	  4.38721466e-01
767	  8.96884727e-02	  4.02394333e-01	  4.66598282e-01
768	  7.25673580e-02	  5.55015526e-01	  5.26870155e-01
769	  4.71788120e-02	  4.92147903e-01	  4.98038559e-01
770	  7.61193800e-02	  5.14708557e-01	  5.19940834e-01
771	  1.84023323e-01	  4.34479752e-01	  5.07481384e-01
772	  1.83791637e-01	  4.40627861e-01	  4.68523941e-01
773	  3.18915958e-01	  5.14198647e-01	  4.61776085e-01
774	  8.85578079e-01	  5.13731995e-01	  5.24549446e-01
775	  1.06297636e-01	  5.18950768e-01	  4.85645409e-01
776	  1.16265087e-01	  5.44296074e-01	  4.50672951e-01
777	  1.33810453e-01	  5.44566193e-01	  5.44542885e-01
778	  7.64056931e-01	  4.33812561e-01	  4.87284927e-01
779	  5.36274147e-01	  5.19852257e-01	  5.13525276e-01
780	  3.80012016e-01	  4.54219322e-01	  4.54248619e-01
781	  2.53058891e-01	  4.43013458e-01	  5.25191574e-01
782	  6.17487183e-01	  5.56313133e-01	  5.27489052e-01
783	  7.64665604e-01	  5.57833710e-01	  4.66775055e-01
784	  6.93883743e-01	  4.79628105e-01	  5.31217194e-01
785	  9.34707413e-01	  5.04772758e-01	  4.78976364e-01
786	  9.50703888e-01	  5.31775131e-01	  4.49691620e-01
787	  9.51227951e-01	  4.50028000e-01	  4.62576752e-01
788	  9.76495895e-01	  5.09003410e-01	  4.74632072e-01
789	  1.33031158e-01	  4.48461494e-01	  5.28772545e-01
790	  4.86044693e-02	  4.49674568e-01	  5.32032585e-01
791	  2.34647427e-01	  4.67489700e-01	  5.56288986e-01
792	  1.83244534e-01	  5.10707588e-01	  5.35219650e-01
793	  6.12555504e-01	  4.38883209e-01	  4.67681007e-01
794	  5.52834663e-01	  4.67571945e-01	  4.83246841e-01
795	  8.83566971e-01	  4.69328766e-01	  5.18854370e-01
796	  9.30899734e-01	  4.72968597e-01	  5.23029747e-01
797	  6.87507391e-02	  4.73522110e-01	  4.73325729e-01
798	  1.10956650e-01	  4.37910728e-01	  4.88009682e-01
799	  6.21529274e-01	  4.95370827e-01	  4.54253120e-01
800	  7.58520050e-01	  4.88153801e-01	  5.38654289e-01
801	  4.12062225e-01	  4.70270500e-01	  4.99519005e-01
802	  4.28002281e-01	  4.60082664e-01	  5.49023056e-01
803	  4.39833717e-01	  4.35954475e-01	  5.07256088e-01
804	  6.71838989e-01	  5.31558418e-01	  5.16753578e-01
805	  5.12070885e-01	  4.94774475e-01	  4.32722664e-01
806	  5.74252815e-01	  5.09745674e-01	  4.41800652e-01
807	  1.74450855e-01	  5.02536278e-01	  4.57116280e-01
808	  1.13527679e-01	  4.86641350e-01	  4.39368591e-01
809	  2.59964161e-01	  5.48924751e-01	  4.57838821e-01
810	  3.05062943e-01	  5.49476776e-01	  4.61234474e-01
811	  2.93226566e-01	  4.67028923e-01	  4.87722168e-01
812	  2.98967075e-01	  4.69922295e-01	  4.43253784e-01
813	  4.37259331e-01	  5.00085526e-01	  5.35026588e-01
814	  4.40120277e-01	  5.33823891e-01	  5.01226959e-01
815	  4.87360115e-01	  5.51207962e-01	  5.26736641e-01
816	  1.59773502e-01	  5.23367653e-01	  4.88829842e-01
817	  2.07055588e-01	  5.12228508e-01	  4.74341049e-01
818	  1.97424164e-01	  5.59865189e-01	  5.09454346e-01
819	  8.89743195e-01	  5.59853630e-01	  5.17518845e-01
820	  8.97863770e-01	  5.23741341e-01	  4.88580322e-01
821	  4.20526772e-01	  4.97463684e-01	  4.67667007e-01
822	  7.01770248e-01	  4.41646652e-01	  4.66420174e-01
823	  6.65197983e-01	  4.69813309e-01	  4.95277367e-01
824	  6.29515038e-01	  4.95198059e-01	  5.55092735e-01
825	  7.11415329e-01	  5.24338264e-01	  4.82407570e-01
826	  7.50708694e-01	  5.14559097e-01	  4.42103233e-01
827	  6.74369202e-01	  5.43022995e-01	  4.52914200e-01
828	  3.11227627e-01	  4.83482552e-01	  5.27807007e-01
829	  8.27444382e-01	  5.36076241e-01	  4.97765083e-01
830	  8.81427479e-02	  4.80494003e-01	  5.32358131e-01
831	  4.77056503e-01	  5.39878120e-01	  4.51729126e-01
832	  4.83764687e-01	  4.42768021e-01	  5.28788490e-01
833	  4.74934311e-01	  5.10855789e-01	  5.56357727e-01
834	  8.62874985e-01	  5.27428207e-01	  5.56125259e-01
835	  8.33917084e-01	  4.31344643e-01	  4.87096558e-01
836	  8.28531036e-01	  4.67279091e-01	  4.98792915e-01
837	  8.04757233e-01	  4.34570389e-01	  5.21266975e-01
838	  9.57592163e-01	  4.50972748e-01	  5.43585663e-01
839	  9.74605484e-01	  5.55762138e-01	  4.67833290e-01
840	  2.59942746e-02	  4.87077026e-01	  5.63304138e-01
841	  3.65223956e-02	  5.30372047e-01	  5.45196762e-01
842	  3.33813143e-02	  4.52904053e-01	  4.54259262e-01
843	  2.97942600e-01	  5.29669037e-01	  5.03476181e-01
844	  9.33555222e-01	  5.19278984e-01	  5.58473282e-01
845	  9.33826141e-01	  5.19177094e-01	  5.16775703e-01
846	  9.33609009e-01	  5.58089447e-01	  5.16944389e-01
847	  8.07173004e-01	  4.78853378e-01	  4.73111572e-01
848	  8.71322784e-01	  4.72049942e-01	  4.54055443e-01
849	  1.62737370e-01	  4.68279457e-01	  5.54813538e-01
850	  1.58063869e-01	  5.43355827e-01	  4.51673927e-01
851	  7.37538910e-01	  5.63788300e-01	  4.93059349e-01
852	  3.34584732e-01	  4.43010025e-01	  5.14754524e-01
853	  3.57242203e-01	  5.27153244e-01	  4.41183739e-01
854	  3.57274971e-01	  5.60605774e-01	  5.06629448e-01
855	  6.02820444e-02	  5.57656746e-01	  4.77976837e-01
856	  2.54284334e-02	  5.12035065e-01	  4.34680824e-01
857	  4.67635536e-01	  5.04156036e-01	  4.32825661e-01
858	  4.48166389e-01	  4.73492966e-01	  4.78995667e-01
859	  4.21124458e-01	  5.52668953e-01	  4.66501617e-01
860	  3.98967056e-01	  5.31838303e-01	  5.43653183e-01
861	  2.91362667e-01	  5.62134399e-01	  5.19783859e-01
862	  5.89853783e-01	  5.15958481e-01	  5.52452011e-01
863	  8.12562714e-01	  5.21067123e-01	  5.60424995e-01
864	  8.32194595e-01	  5.02933846e-01	  5.29736061e-01
865	  8.41185455e-01	  4.70852776e-01	  5.59343796e-01
866	  8.04960480e-01	  4.75382423e-01	  5.22757111e-01
867	  3.05985184e-01	  5.40178146e-01	  5.50406456e-01
868	  5.37577629e-01	  5.16684608e-01	  4.76384354e-01
869	  6.08904877e-01	  5.31771393e-01	  5.00434227e-01
870	  5.91963463e-01	  4.78691521e-01	  4.78396492e-01
871	  5.67157326e-01	  4.79888344e-01	  5.61243210e-01
872	  5.66049919e-01	  4.84720345e-01	  5.24745331e-01
873	  5.60501099e-01	  4.33336792e-01	  5.13649826e-01
874	  7.91961060e-01	  5.27512932e-01	  5.08059769e-01
875	  8.28604507e-01	  5.40042610e-01	  4.50222092e-01
876	  4.98506546e-01	  4.63368187e-01	  4.60698586e-01
877	  4.63546143e-01	  5.16824112e-01	  4.79453850e-01
878	  9.19332047e-01	  4.87600555e-01	  4.33966293e-01
879	  8.63019791e-01	  5.53901443e-01	  4.66957016e-01
880	  7.04805145e-01	  5.41500587e-01	  5.44909821e-01
881	  7.42560120e-01	  4.91118088e-01	  4.75409927e-01
882	  6.36823730e-01	  4.86108437e-01	  5.16120148e-01
883	  6.06929016e-01	  4.58160591e-01	  5.11566353e-01
884	  7.85837555e-01	  4.51767349e-01	  4.54361877e-01
885	  5.39617844e-01	  5.52885475e-01	  4.57775383e-01
886	  5.60954094e-01	  5.62798882e-01	  5.02179146e-01
887	  3.33772354e-01	  5.22274590e-01	  5.01973305e-01
888	  3.35912743e-01	  4.82128983e-01	  4.78140030e-01
889	  3.70906982e-01	  5.07202835e-01	  5.58828888e-01
890	  3.77574806e-01	  4.83567581e-01	  5.24275780e-01
891	  2.29791546e-01	  4.53059120e-01	  4.51775513e-01
892	  2.08424702e-01	  4.73564911e-01	  5.08363495e-01
893	  7.39936209e-02	  5.07880440e-01	  4.32494698e-01
894	  1.88109455e-01	  4.64172554e-01	  4.41689301e-01
895	  1.84602222e-01	  4.20623970e-01	  4.85326729e-01
896	  9.00693970e-01	  4.91785049e-01	  5.57021446e-01
897	  1.29045105e-01	  5.14712639e-01	  5.61676865e-01
898	  7.34635925e-01	  4.32356682e-01	  5.10527153e-01
899	  5.30388947e-01	  5.54823112e-01	  5.26710167e-01
900	  3.72559319e-01	  4.87496643e-01	  4.63537216e-01
901	  3.45409889e-01	  4.54418831e-01	  4.47888718e-01
902	  2.45404625e-01	  4.62172394e-01	  4.96798515e-01
903	  2.73921928e-01	  4.56866150e-01	  5.49226990e-01
904	  9.28015823e-01	  4.72078552e-01	  4.86244888e-01
905	  9.74539871e-01	  5.13129005e-01	  4.33246040e-01
906	  9.23541412e-01	  5.51968307e-01	  4.56672859e-01
907	  9.24035645e-01	  4.33533859e-01	  4.83482285e-01
908	  9.67218170e-01	  4.88491325e-01	  5.07960892e-01
909	  2.68214059e-02	  4.32655907e-01	  5.09328728e-01
910	  2.57593880e-01	  4.87241440e-01	  5.68325996e-01
911	  2.10745010e-01	  5.07576828e-01	  5.61227989e-01
912	  5.67185211e-01	  4.48674965e-01	  4.55517998e-01
913	  8.64008331e-01	  4.37028008e-01	  5.23187523e-01
914	  7.84346628e-02	  4.29932709e-01	  4.95671806e-01
915	  1.25799837e-01	  4.48487778e-01	  4.56211166e-01
916	  6.31975784e-01	  4.61060066e-01	  4.45424843e-01
917	  7.36814499e-01	  4.79092941e-01	  5.64202957e-01
918	  7.60337601e-01	  5.14331245e-01	  5.16382751e-01
919	  3.97072411e-01	  4.35643959e-01	  4.86924477e-01
920	  4.44505768e-01	  4.37623863e-01	  4.71190643e-01
921	  6.54759903e-01	  5.37932205e-01	  5.47672348e-01
922	  5.64265289e-01	  4.79153709e-01	  4.33221130e-01
923	  2.33196621e-01	  5.24043655e-01	  4.40122147e-01
924	  3.14847698e-01	  5.62998810e-01	  4.92208786e-01
925	  3.05877495e-01	  5.02118301e-01	  4.31772346e-01
926	  4.99933205e-01	  5.62591171e-01	  4.96196976e-01
927	  1.37402668e-01	  5.18877258e-01	  5.15515289e-01
928	  2.18036327e-01	  5.60209846e-01	  4.80689621e-01
929	  7.38550949e-01	  4.42306671e-01	  4.61741943e-01
930	  6.71324463e-01	  4.32394257e-01	  4.88215599e-01
931	  6.56635208e-01	  4.78024063e-01	  5.61867790e-01
932	  7.79912109e-01	  5.34678841e-01	  4.44528236e-01
933	  7.24008636e-01	  4.98484344e-01	  4.30576286e-01
934	  6.37640762e-01	  5.48140831e-01	  4.57493744e-01
935	  6.89691467e-01	  5.60459213e-01	  4.77835808e-01
936	  1.14420242e-01	  4.67097740e-01	  5.55148697e-01
937	  5.17363853e-01	  4.40076904e-01	  5.35362015e-01
938	  4.51937141e-01	  4.39751663e-01	  5.38019562e-01
939	  4.87007065e-01	  4.80392570e-01	  5.64534264e-01
940	  8.59393768e-01	  5.54335899e-01	  5.34032555e-01
941	  8.53752289e-01	  4.77022629e-01	  5.14233589e-01
942	  9.71109085e-01	  4.32093163e-01	  4.85748024e-01
943	  9.76375809e-01	  4.74907303e-01	  5.59447060e-01
944	  2.50725865e-02	  4.57099419e-01	  5.52315216e-01
945	  7.08499146e-02	  5.32778091e-01	  5.54768906e-01
946	  2.97518992e-02	  5.57708168e-01	  5.23848419e-01
947	  9.69908066e-01	  5.14027863e-01	  5.60499878e-01
948	  9.69236603e-01	  5.60515862e-01	  5.12831955e-01
949	  8.80750122e-01	  5.03804474e-01	  4.65425453e-01
950	  1.62647514e-01	  4.72316971e-01	  5.16808968e-01
951	  1.65455875e-01	  4.40403061e-01	  5.35422058e-01
952	  3.07072773e-01	  4.31686821e-01	  4.97606125e-01
953	  3.17364750e-01	  4.48811340e-01	  5.44596481e-01
954	  3.55910187e-01	  4.34785233e-01	  4.83224602e-01
955	  3.68255157e-01	  4.42376251e-01	  5.30207214e-01
956	  9.10728741e-02	  5.61411858e-01	  4.96504402e-01
957	  2.85119963e-02	  5.15662727e-01	  4.81759872e-01
958	  4.22804031e-01	  5.54839401e-01	  5.36183472e-01
959	  4.16893272e-01	  5.19944420e-01	  5.19266090e-01
960	  4.28527069e-01	  5.23081017e-01	  5.59361649e-01
961	  5.62513809e-01	  5.37733040e-01	  5.48517647e-01
962	  8.40893250e-01	  5.03836098e-01	  5.65222931e-01
963	  5.32174759e-01	  4.87274323e-01	  5.22518616e-01
964	  7.78617783e-01	  5.61159286e-01	  5.00792809e-01
965	  8.85348816e-01	  4.94458961e-01	  4.31491547e-01
966	  8.30839081e-01	  5.62961807e-01	  4.76139832e-01
967	  7.12775497e-01	  4.77412453e-01	  4.87648392e-01
968	  9.00513172e-02	  4.98845711e-01	  4.62162018e-01
969	  1.06098652e-01	  5.18633614e-01	  4.31009483e-01
970	  6.85573149e-02	  4.73608284e-01	  4.34809151e-01
971	  2.89113593e-02	  4.75593147e-01	  5.21681328e-01
972	  1.68483391e-01	  4.66598282e-01	  4.02394333e-01
973	  1.68387241e-01	  4.38721466e-01	  4.16598282e-01
974	  1.76364174e-01	  4.85884018e-01	  4.24272308e-01
975	  1.60514336e-01	  4.43055496e-01	  4.43007660e-01
976	  1.60597878e-01	  4.52681351e-01	  4.09485397e-01
977	  1.36872206e-01	  4.38721466e-01	  4.16598282e-01
978	  1.36938057e-01	  4.66598282e-01	  4.02394333e-01
979	  1.28995543e-01	  4.62753830e-01	  4.29320908e-01
980	  1.44825211e-01	  4.85448761e-01	  4.21432114e-01
981	  1.76364174e-01	  4.54321251e-01	  4.08649826e-01
982	  2.00026054e-01	  4.66598282e-01	  4.02394333e-01
983	  1.99904461e-01	  4.38721466e-01	  4.16598282e-01
984	  2.07915001e-01	  4.85311165e-01	  4.20749245e-01
985	  2.07792435e-01	  4.41810989e-01	  4.41844063e-01
986	  2.07915001e-01	  4.60774078e-01	  4.25353203e-01
987	  1.68911686e-01	  4.59882240e-01	  4.29717102e-01
988	  9.27749023e-01	  4.72693367e-01	  5.62696190e-01
989	  8.94961853e-01	  5.23765678e-01	  5.63622818e-01
990	  1.62830734e-01	  5.02993660e-01	  5.63615685e-01
991	  5.19771538e-01	  5.28952293e-01	  5.53489151e-01
992	  4.00639763e-01	  4.84777603e-01	  4.36608429e-01
993	  8.87861557e-01	  4.36461945e-01	  4.77082100e-01
994	  9.72774963e-01	  4.74106140e-01	  4.76386681e-01
995	  9.72905731e-01	  5.20536385e-01	  5.14767647e-01
996	  5.32895813e-01	  4.40892372e-01	  4.66260605e-01
997	  8.72286072e-01	  4.57965546e-01	  5.49928436e-01
998	  1.05363159e-01	  4.38721466e-01	  4.16598282e-01
999	  1.05475121e-01	  4.16598282e-01	  4.38721466e-01
1000	  9.74738503e-02	  4.62649231e-01	  4.29118271e-01
1001	  9.75929451e-02	  4.28978539e-01	  4.62592888e-01
1002	  9.75929451e-02	  4.27640076e-01	  4.27679710e-01
1003	  1.13241014e-01	  4.47341118e-01	  4.36690979e-01
1004	  7.39197063e-02	  4.16598282e-01	  4.38721466e-01
1005	  7.38186121e-02	  4.38721466e-01	  4.16598282e-01
1006	  6.60362244e-02	  4.34945946e-01	  4.63908424e-01
1007	  6.59346008e-02	  4.47669220e-01	  4.40461273e-01
1008	  6.51030807e-01	  5.59716454e-01	  5.21520424e-01
1009	  1.95640430e-01	  5.27604675e-01	  4.38447342e-01
1010	  2.94657364e-01	  5.97500000e-01	  4.97500000e-01
1011	  2.94813995e-01	  5.92605667e-01	  4.66598282e-01
1012	  2.86940498e-01	  5.68259621e-01	  4.61446419e-01
1013	  2.86767254e-01	  5.75556259e-01	  5.00956612e-01
1014	  3.02535152e-01	  5.95058937e-01	  4.82087708e-01
1015	  5.05738411e-01	  5.54959259e-01	  4.63189621e-01
1016	  6.75792770e-01	  4.33885498e-01	  5.22609367e-01
1017	  6.34570160e-01	  4.34878235e-01	  4.98800049e-01
1018	  6.30666618e-01	  5.22656403e-01	  4.35830650e-01
1019	  7.21253815e-01	  5.52941589e-01	  4.63447533e-01
1020	  9.75377808e-01	  4.35102959e-01	  5.19342842e-01
1021	  2.76483631e-02	  5.63442459e-01	  4.89346390e-01
1022	  8.90163345e-01	  4.75423317e-01	  4.83820648e-01
1023	  2.70200272e-01	  4.34427109e-01	  4.86347618e-01
1024	  3.89340706e-01	  4.16598282e-01	  5.56278534e-01
1025	  3.89482765e-01	  4.38721466e-01	  5.78401718e-01
1026	  3.97379875e-01	  4.48267860e-01	  5.52442818e-01
1027	  3.81474915e-01	  4.09478874e-01	  5.42305870e-01
1028	  3.85840225e-01	  4.24711914e-01	  5.20958862e-01
1029	  3.89314194e-01	  4.66598282e-01	  5.92605667e-01
1030	  3.97379875e-01	  4.52622108e-01	  5.85484428e-01
1031	  3.97210655e-01	  4.85370064e-01	  5.74007263e-01
1032	  4.11273651e-01	  4.64884872e-01	  5.67809181e-01
1033	  8.63005295e-01	  4.97500000e-01	  5.97500000e-01
1034	  8.62841949e-01	  4.66598282e-01	  5.92605667e-01
1035	  8.70890121e-01	  4.86052666e-01	  5.70047913e-01
1036	  8.70890121e-01	  5.10129395e-01	  5.77253227e-01
1037	  8.70722961e-01	  4.52642136e-01	  5.85494614e-01
1038	  8.94393387e-01	  4.66598282e-01	  5.92605667e-01
1039	  8.94474106e-01	  4.38721466e-01	  5.78401718e-01
1040	  9.02362976e-01	  4.62199173e-01	  5.66055679e-01
1041	  8.86578445e-01	  4.27659492e-01	  5.67339745e-01
1042	  8.88650665e-01	  4.37616348e-01	  5.42022591e-01
1043	  9.02303085e-01	  4.82086067e-01	  5.95058670e-01
1044	  5.25048599e-01	  5.09394493e-01	  5.35909462e-01
1045	  4.13972473e-01	  5.16345215e-01	  4.33525810e-01
1046	  3.70586357e-01	  4.98282700e-01	  4.30806732e-01
1047	  2.92284832e-01	  4.40347748e-01	  4.60200005e-01
1048	  8.94580460e-01	  4.97500000e-01	  5.97500000e-01
1049	  8.94559326e-01	  5.28401718e-01	  5.92605667e-01
1050	  9.02469864e-01	  5.05270004e-01	  5.76490173e-01
1051	  5.30345764e-01	  5.32084961e-01	  5.32717056e-01
1052	 -2.02250840e-08	  4.01618271e-01	  5.23502007e-01
1053	 -1.91671506e-08	  3.97500000e-01	  4.97500000e-01
1054	 -2.04244384e-08	  4.02394333e-01	  5.28401718e-01
1055	 -2.12808300e-08	  4.14349022e-01	  5.51864090e-01
1056	 -2.14419606e-08	  4.16598282e-01	  5.56278496e-01
1057	 -2.23492793e-08	  4.62172089e-01	  5.90350342e-01
1058	 -2.15496379e-08	  4.20110931e-01	  5.59791183e-01
1059	 -2.21201230e-08	  4.38721466e-01	  5.78401718e-01
1060	 -2.23671100e-08	  4.71508179e-01	  5.93383255e-01
1061	 -2.23925326e-08	  4.66598320e-01	  5.92605629e-01
1062	 -2.22325320e-08	  4.97500000e-01	  5.97500000e-01
1063	  1.00000000e+00	  3.97500038e-01	  4.97500000e-01
1064	  1.00000000e+00	  3.98274040e-01	  5.02386932e-01
1065	  1.00000000e+00	  4.02394371e-01	  5.28401718e-01
1066	  1.00000000e+00	  4.04641342e-01	  5.32811623e-01
1067	  1.00000000e+00	  4.16598282e-01	  5.56278496e-01
1068	  1.00000008e+00	  4.20104446e-01	  5.59784698e-01
1069	  1.00000008e+00	  4.38721466e-01	  5.78401680e-01
1070	  1.00000008e+00	  4.62180176e-01	  5.90354538e-01
1071	  1.00000008e+00	  4.66598282e-01	  5.92605667e-01
1072	  1.00000008e+00	  4.71499214e-01	  5.93381882e-01
1073	  1.00000008e+00	  4.97500000e-01	  5.97499962e-01
1074	  1.00000008e+00	  5.02405090e-01	  5.96723099e-01
1075	 -1.40112218e-08	  4.16598320e-01	  4.38721466e-01
1076	 -1.36001711e-08	  4.20106621e-01	  4.35213203e-01
1077	 -1.67232542e-08	  4.02394333e-01	  4.66598282e-01
1078	 -1.71301963e-08	  4.01618271e-01	  4.71498032e-01
1079	 -1.44411206e-08	  4.14346771e-01	  4.43140373e-01
1080	 -9.20075138e-09	  4.66598282e-01	  4.02394333e-01
1081	 -8.94280561e-09	  4.71495819e-01	  4.01618652e-01
1082	 -1.14191414e-08	  4.38721466e-01	  4.16598244e-01
1083	 -9.55254791e-09	  4.62177544e-01	  4.04646835e-01
1084	 -7.57319583e-09	  4.97500000e-01	  3.97500000e-01
1085	 -6.83484302e-09	  5.23504295e-01	  4.01618690e-01
1086	 -6.69578640e-09	  5.28401756e-01	  4.02394333e-01
1087	 -6.65442371e-09	  5.56278534e-01	  4.16598320e-01
1088	 -6.68924088e-09	  5.32813263e-01	  4.04642105e-01
1089	 -6.78103163e-09	  5.59785347e-01	  4.20105133e-01
1090	 -7.45314082e-09	  5.78401718e-01	  4.38721466e-01
1091	 -8.76639263e-09	  5.90354118e-01	  4.62179489e-01
1092	 -9.01377121e-09	  5.92605629e-01	  4.66598320e-01
1093	 -9.35808373e-09	  5.93382301e-01	  4.71501999e-01
1094	 -2.09202153e-08	  5.32829132e-01	  5.90349770e-01
1095	 -1.90541562e-08	  5.56278496e-01	  5.78401756e-01
1096	 -2.15311388e-08	  5.23491859e-01	  5.93383255e-01
1097	 -2.12725422e-08	  5.28401718e-01	  5.92605629e-01
1098	 -1.41810165e-08	  5.90348473e-01	  5.32831650e-01
1099	 -1.11835323e-08	  5.97500000e-01	  4.97500000e-01
1100	 -1.37500433e-08	  5.92605629e-01	  5.28401680e-01
1101	 -1.33427704e-08	  5.93382301e-01	  5.23497963e-01
1102	 -1.86422471e-08	  5.59794121e-01	  5.74886131e-01
1103	 -1.64620735e-08	  5.78401756e-01	  5.56278534e-01
1104	  1.00000000e+00	  4.16598244e-01	  4.38721428e-01
1105	  1.00000000e+00	  4.04640198e-01	  4.62190552e-01
1106	  1.00000000e+00	  4.20104637e-01	  4.35215034e-01
1107	  1.00000000e+00	  4.02394371e-01	  4.66598282e-01
1108	  1.00000000e+00	  4.01620674e-01	  4.71483078e-01
1109	  1.00000000e+00	  4.66598244e-01	  4.02394333e-01
1110	  1.00000000e+00	  4.71493225e-01	  4.01619072e-01
1111	  1.00000000e+00	  4.38721504e-01	  4.16598282e-01
1112	  1.00000000e+00	  4.62179947e-01	  4.04645576e-01
1113	  1.00000000e+00	  4.97500038e-01	  3.97500000e-01
1114	  1.00000000e+00	  5.28401718e-01	  4.02394333e-01
1115	  1.00000000e+00	  5.02396164e-01	  3.98275452e-01
1116	  1.00000000e+00	  5.56278534e-01	  4.16598282e-01
1117	  1.00000000e+00	  5.51861725e-01	  4.14347839e-01
1118	  1.00000000e+00	  5.59786339e-01	  4.20106125e-01
1119	  1.00000000e+00	  5.78401756e-01	  4.38721466e-01
1120	  1.00000008e+00	  5.90353508e-01	  4.62178116e-01
1121	  1.00000008e+00	  5.92605667e-01	  4.66598244e-01
1122	  1.00000008e+00	  5.93381691e-01	  4.71497803e-01
1123	  1.00000008e+00	  5.97499962e-01	  4.97499962e-01
1124	  1.00000008e+00	  5.51853523e-01	  5.80656357e-01
1125	  1.00000008e+00	  5.56278534e-01	  5.78401718e-01
1126	  1.00000008e+00	  5.28401756e-01	  5.92605667e-01
1127	  1.00000008e+00	  5.93381691e-01	  5.23502159e-01
1128	  1.00000008e+00	  5.92605705e-01	  5.28401680e-01
1129	  1.00000008e+00	  5.74899254e-01	  5.59780998e-01
1130	  1.00000008e+00	  5.80652695e-01	  5.51860771e-01
1131	  1.00000008e+00	  5.78401718e-01	  5.56278534e-01
1132	  1.00000008e+00	  5.17131729e-01	  5.94390640e-01
1133	  1.00000000e+00	  3.98003273e-01	  4.94322739e-01
1134	 -2.18661239e-08	  5.17131653e-01	  5.94390640e-01
1135	 -1.90258800e-08	  3.98003235e-01	  4.94322739e-01
1136	  1.70000000e-01	  1.07157677e+00	 -5.00000000e-03
1137	  1.70000000e-01	 -7.15767665e-02	 -5.00000000e-03
1138	  1.16000000e+00	  5.00000000e-01	 -5.00000000e-03
1139	 -1.30837304e-08	  3.24389389e-01	  3.97976258e-01
1140	 -1.44777814e-08	  3.00869597e-01	  4.12055105e-01
1141	 -1.13693902e-08	  3.89745421e-01	  3.87301658e-01
1142	 -6.69560216e-09	  5.60541572e-01	  3.67558677e-01
